3.074,1.463,1.457,1.527,1.259,1.819,2.202,1.647,1.847,1.885,1.92,11.474
1.404,1.28,1.639,1.549,1.754,1.489,1.484,1.456,1.749,1.567,1.172,11.789
2.868,2.841,2.966,3.319,2.827,2.416,2.484,1.521,4.155,1.275,2.841,7.88
1.685,1.42,1.635,1.561,1.769,1.794,2.057,2.105,2.066,1.842,3.378,4.564
1.863,1.665,1.615,1.53,1.486,1.881,1.597,1.6,1.724,1.655,3.109,11.3
2.18,1.597,2.219,2.058,1.457,1.463,1.687,3.443,1.965,2.113,1.207,4.413
1.659,1.895,1.704,1.683,2.019,1.432,1.341,2.871,1.55,1.775,1.881,16.22
1.665,1.615,1.453,1.881,1.666,1.666,1.597,1.724,1.645,1.565,1.484,12.305
1.216,1.204,1.278,1.254,1.499,1.206,1.197,1.232,1.344,1.369,2.756,5.261
1.425,2.361,1.693,1.811,1.711,1.867,1.9,2.211,1.786,1.551,1.995,5.969
1.715,1.964,2.074,1.757,1.817,1.411,1.553,2.027,1.806,1.766,3.378,25.276
1.992,2.083,2.892,2.553,1.66,2.123,2.468,2.479,2.16,1.751,1.992,13.828
1.158,1.442,1.233,1.767,2.152,2.265,2.081,2.264,1.804,1.696,1.158,11.427
1.567,2.016,1.411,1.531,1.222,1.272,1.259,1.237,1.412,2.2,1.21,9.067
1.817,2.105,1.404,1.964,1.625,1.962,1.715,1.553,1.757,1.577,1.781,11.838
1.767,2.152,2.265,2.081,1.233,1.158,4.566,1.442,1.804,1.696,1.767,10.129
1.494,1.237,1.272,1.222,1.259,1.425,1.456,1.287,1.4,1.411,1.318,7.389
1.133,1.227,1.812,1.548,2.354,2.448,1.937,1.814,1.853,1.769,1.227,12.936
1.843,1.9,1.877,1.834,2.381,2.002,2.659,2.008,2.201,2.726,2.381,9.216
2.395,1.321,1.325,1.339,1.252,2.121,1.524,1.511,1.609,1.37,1.21,9.343
1.978,3.086,2.09,1.313,1.493,1.554,1.783,1.842,2.027,2.38,1.978,13.619
1.611,1.936,1.586,1.883,2.187,2.053,1.847,1.693,1.719,1.768,2.549,15.58
1.523,1.431,1.456,1.645,1.521,1.528,1.425,1.574,1.294,1.503,1.318,8.503
1.797,1.534,1.347,1.538,1.556,1.704,1.681,1.735,1.737,1.319,1.797,8.059
2.156,2.955,2.69,3.087,3.138,1.715,3.21,2.046,1.938,2.024,2.046,3.793
1.544,2.302,1.494,2.456,2.018,3.175,1.654,2.753,2.327,1.865,2.841,7.436
1.929,1.701,1.761,2.491,2.984,1.699,1.788,1.477,2.713,2.329,1.699,11.008
1.721,2.281,2.464,2.088,3.081,2.512,1.851,1.859,2.187,2.238,1.944,3.075
1.938,1.887,1.449,2.871,1.859,2.25,1.624,1.776,2.02,2.749,1.541,2.723
1.289,1.34,1.361,1.253,1.307,1.263,1.28,1.289,1.325,1.397,1.21,16.813
1.797,1.651,1.471,1.887,1.805,1.383,1.904,1.494,1.755,1.514,1.797,9.948
2.62,1.726,4.076,2.213,2.625,1.713,2.182,2.382,2.665,1.695,1.881,17.079
1.716,1.254,1.377,1.358,1.29,1.299,1.366,1.308,1.257,1.265,1.484,16.199
1.572,1.63,2.265,1.866,1.83,1.468,1.568,1.512,1.435,1.464,1.944,5.516
1.549,1.751,1.892,1.97,1.627,1.28,1.484,1.489,1.741,1.492,1.207,6.118
1.737,1.763,2.152,1.639,1.404,2.098,1.489,1.549,1.484,1.28,1.995,8.191
1.703,1.7,1.895,1.811,1.895,1.63,1.619,1.881,1.706,1.825,3.141,16.527
1.874,1.527,1.392,1.545,1.511,1.55,1.386,1.401,1.341,1.56,1.992,11.546
1.884,2.424,2.303,1.83,2.202,2.186,1.586,1.677,2.312,1.936,1.551,6.805
1.523,1.431,1.287,1.645,1.521,1.528,1.574,1.325,1.503,1.461,1.318,6.911
1.899,1.369,1.312,1.842,1.522,1.232,1.598,1.695,1.503,1.204,3.109,7.316
1.954,2.219,1.758,1.709,1.239,2.211,1.456,2.079,2.917,1.434,2.917,16.842
1.443,1.537,1.58,1.874,1.407,1.523,1.689,1.55,1.602,1.527,1.572,21.2
1.333,1.494,1.411,1.222,1.272,1.259,1.237,1.723,1.805,1.383,1.21,11.768
2.094,2.067,2.524,1.695,1.754,2.765,1.651,2.102,2.94,3.516,3.17,6.815
1.431,2.462,2.165,1.741,1.864,1.36,1.319,1.395,1.347,2.216,1.542,18.711
1.732,1.692,1.859,1.721,1.777,1.456,1.961,1.875,1.845,1.492,2.178,11.986
1.133,1.227,1.457,1.463,3.443,1.812,1.851,1.687,1.68,2.219,1.227,12.633
2.5,8.683,1.588,3.366,2.117,2.312,2.129,1.625,1.429,2.756,2.5,22.765
1.572,1.404,1.615,1.443,1.724,1.754,1.411,1.546,1.463,1.484,1.572,8.869
1.158,1.442,1.233,1.767,2.152,2.265,2.081,2.264,1.804,1.696,1.158,11.427
1.545,1.475,1.255,1.274,1.312,1.27,1.303,1.312,1.31,1.417,1.21,28.159
2.756,1.66,2.213,1.852,1.821,2.382,1.738,1.695,2.463,1.872,2.756,9.774
2.674,2.781,1.541,2.263,1.64,1.919,3.17,1.815,1.586,2.736,3.17,4.812
1.404,1.639,1.28,1.549,1.489,1.484,1.754,1.456,1.628,1.567,1.92,9.013
1.399,1.846,1.615,1.682,1.353,1.518,1.684,2.447,1.56,1.952,1.893,20.669
1.797,2.05,1.503,1.461,2.027,1.37,1.313,1.321,1.312,1.294,1.797,9.388
5.428,4.661,2.293,3.251,2.19,2.218,1.893,3.554,1.948,3.095,4.661,28.901
1.715,2.714,1.767,1.639,2.298,2.034,2.048,1.923,1.992,2.152,1.944,4.251
1.347,1.319,1.36,1.534,1.672,1.681,1.556,1.737,1.409,1.395,3.378,5.606
1.158,1.442,1.233,1.767,2.152,2.265,2.081,2.264,1.804,1.696,1.158,11.427
1.158,1.442,1.233,1.767,2.152,2.265,2.081,2.264,1.804,1.696,1.158,11.427
1.227,2.219,1.614,1.463,1.457,1.239,2.211,1.7,1.853,2.207,2.144,6.913
1.471,1.657,2.824,1.893,1.737,2.08,2.337,1.997,2.756,1.525,1.29,14.83
1.523,1.431,1.456,1.645,1.521,1.528,1.574,1.425,1.503,1.294,1.318,6.87
2.09,2.824,1.978,1.983,1.903,2.197,2.169,2.163,3.481,2.259,1.978,14.58
1.713,2.555,1.227,1.7,1.512,1.593,1.587,1.7,1.704,2.035,2.555,9.835
1.321,1.339,1.521,1.304,1.44,1.293,1.388,1.252,1.31,1.325,1.375,11.676
2.314,2.026,2.795,1.781,1.552,3.139,2.179,2.153,2.93,2.45,1.172,15.363
1.158,1.442,1.233,1.767,2.152,2.265,2.081,2.264,1.804,1.696,1.158,11.427
1.998,2.514,2.27,3.17,2.768,2.674,2.781,1.804,1.696,3.363,3.17,2.238
1.893,1.899,1.728,1.484,1.511,1.596,1.641,1.682,1.588,1.778,1.893,14.854
1.433,1.475,1.545,1.255,1.31,1.274,1.312,1.338,1.27,1.303,2.5,14.877
2.258,2.816,1.715,3.698,1.612,2.262,3.214,2.195,2.29,1.945,2.756,11.28
1.158,1.442,1.233,1.767,2.152,2.265,2.081,2.264,1.804,1.696,1.767,11.618
1.158,1.442,1.233,1.767,2.152,2.265,2.081,2.264,1.804,1.696,1.158,11.427
2.674,5.206,2.781,2.636,1.723,1.739,1.991,2.537,2.106,2.263,3.17,8.635
1.604,1.882,1.682,1.56,1.863,1.884,1.591,1.558,1.739,1.734,2.144,29.585
1.689,1.798,1.901,1.795,1.993,1.807,2.588,1.74,1.786,1.941,1.689,8.712
2.381,2.201,1.99,1.9,2.002,1.877,1.834,1.843,1.549,2.726,2.381,9.597
1.867,1.656,1.532,1.636,1.749,1.725,1.4,2.431,1.439,1.46,2.555,9.336
1.158,1.442,1.233,1.767,2.152,2.265,2.081,2.264,1.804,1.696,1.158,11.427
1.432,1.55,1.659,1.457,1.341,1.775,1.748,1.683,1.407,1.545,2.756,10.135
4.349,4.277,3.315,1.972,2.02,3.779,2.536,2.156,1.67,2.417,4.349,15.333
1.703,1.429,1.706,1.7,1.522,1.619,1.811,1.557,1.486,1.63,1.666,4.913
1.639,2.714,1.715,2.298,1.992,2.048,1.923,1.992,1.6,2.129,1.881,4.592
1.158,1.442,1.233,1.767,2.152,2.265,2.081,2.264,1.804,1.696,1.158,11.427
1.404,1.66,2.463,2.213,2.227,1.695,2.493,2.182,1.872,1.522,1.881,22.161
1.565,2.055,1.935,1.59,1.537,2.359,1.779,1.814,1.57,4.228,3.378,13.743
1.904,1.699,1.776,1.813,1.925,1.799,1.783,1.982,1.937,1.938,2.721,5.062
1.539,1.359,1.37,1.745,2.394,1.916,1.899,1.926,1.732,1.411,3.378,12.74
1.918,1.797,1.847,1.606,1.474,2.522,1.619,1.676,1.526,2.062,2.381,20.256
1.412,1.653,1.221,1.354,2.037,2.662,2.314,1.484,1.548,1.489,6.038,15.373
1.714,1.425,1.287,1.494,2.039,1.456,1.237,1.222,1.272,1.259,1.318,7.978
1.375,1.585,1.43,2.154,1.486,2.213,1.524,1.727,1.918,1.683,1.797,11.939
5.428,4.661,1.804,1.361,1.169,1.696,1.866,2.265,1.699,3.161,4.661,10.826
1.829,1.829,1.737,1.43,1.585,1.71,2.483,2.796,2.847,2.078,1.829,6.761
1.718,2.337,3.178,1.651,1.074,1.072,2.209,2.112,2.031,1.9,1.172,9.069
1.158,1.442,1.233,1.767,2.152,2.265,2.081,2.264,1.804,1.696,1.158,11.427
1.292,1.4,1.447,1.439,1.475,1.431,1.523,1.294,1.369,1.494,1.375,9.005
1.572,1.721,1.615,1.463,1.546,1.566,1.489,1.474,1.484,1.388,1.572,6.632
6.038,2.263,5.326,3.8,2.153,3.354,2.062,1.864,3.442,3.179,6.038,9.983
2.328,1.456,1.609,1.597,2.007,1.626,1.629,1.627,1.321,1.713,2.144,8.941
2.381,1.843,1.9,1.877,1.834,1.542,2.002,2.572,2.659,2.195,2.381,9.459
1.688,1.561,1.42,1.685,1.541,1.769,2.057,1.889,1.635,1.842,1.797,9.895
2.606,1.92,1.444,1.688,1.872,1.895,1.612,1.7,1.703,1.793,1.992,8.497
1.541,1.696,1.804,1.866,1.169,1.572,2.265,1.361,1.83,3.689,1.541,2.104
1.412,2.153,2.314,1.653,1.354,1.639,1.781,1.567,1.484,1.489,1.172,25.317
1.615,1.489,1.418,1.474,1.598,1.553,1.552,1.463,1.388,1.395,1.572,14.073
1.468,1.493,1.824,1.628,2.138,2.369,2.262,1.662,1.895,1.759,1.484,14.401
2.364,1.674,1.645,1.361,1.592,2.802,2.645,2.087,2.364,2.088,1.961,8.982
1.431,1.523,1.485,1.645,1.521,1.528,1.574,1.287,1.425,1.479,1.318,10.16
1.644,2.024,1.531,1.553,1.567,1.552,1.411,1.443,1.418,1.572,1.572,19.638
1.767,2.152,2.265,2.081,4.566,4.586,1.233,1.804,1.158,1.696,1.767,4.72
1.737,1.763,2.098,2.205,2.152,2.997,1.484,1.489,1.995,1.653,1.995,13.4
1.736,1.831,1.763,1.886,1.438,1.987,1.691,2.44,1.887,2.103,1.542,9.546
1.572,2.237,1.823,1.83,2.303,1.944,1.866,1.706,1.622,1.766,1.944,3.25
1.435,1.464,1.512,1.686,1.46,1.754,2.222,1.417,1.927,1.8,2.018,2.573
1.895,1.88,1.9,1.919,1.901,2.299,3.259,1.662,2.241,2.257,1.944,20.688
1.987,2.343,3.316,1.954,1.62,3.06,1.817,1.689,2.318,1.731,1.992,3.599
1.572,1.979,1.438,1.612,1.734,1.452,2.31,1.596,1.978,1.618,1.542,10.401
1.572,1.89,1.842,1.832,4.822,1.881,5.64,1.666,3.315,1.666,1.944,9.124
1.767,2.152,2.265,2.081,4.566,4.586,1.233,1.804,1.158,1.696,1.767,7.221
2.152,1.484,1.489,1.711,1.683,1.492,2.085,1.653,1.94,1.827,1.995,8.585
1.158,1.442,1.233,1.767,2.152,2.265,2.081,2.264,1.804,1.696,1.158,11.427
1.718,1.409,1.395,1.347,1.319,1.36,1.672,2.043,1.643,1.622,1.978,5.757
1.158,1.442,1.233,1.767,2.152,2.265,2.081,2.264,1.804,1.696,1.158,11.427
1.207,1.221,2.314,1.909,1.412,2.153,3.3,1.397,2.08,2.042,1.207,13.659
2.05,1.294,2.027,1.461,1.287,1.503,1.523,1.312,1.327,1.292,1.375,7.999
1.494,1.237,1.272,1.222,1.259,1.425,1.456,1.287,1.4,1.411,1.318,7.028
1.652,1.683,1.522,1.43,1.585,1.486,1.524,2.154,1.718,1.528,1.797,8.828
1.158,1.442,1.233,1.767,2.152,2.265,2.081,2.264,1.804,1.696,1.158,11.427
1.417,1.374,1.192,1.21,1.226,1.229,1.357,1.246,1.366,1.414,1.375,29.149
1.918,1.548,1.581,1.676,1.797,1.847,1.656,1.552,1.871,1.606,2.381,5.837
2.346,2.193,1.995,1.877,1.796,1.652,2.501,2.16,1.683,2.186,1.978,9.655
1.207,1.221,1.909,1.397,1.549,3.3,2.153,1.378,1.412,1.28,1.207,12.737
1.404,1.754,1.639,3.149,1.28,2.078,2.145,1.957,1.628,2.5,3.668,3.775
1.855,1.32,1.748,1.293,1.938,2.026,1.662,1.733,1.781,1.382,2.018,5.232
2.381,2.201,2.8,1.99,2.731,4.306,1.9,1.843,1.877,1.834,2.381,19.844
1.429,8.683,1.493,2.216,1.399,1.744,1.349,1.375,2.199,2.558,2.5,12.611
2.227,1.859,1.585,1.717,2.15,1.987,1.88,1.852,2.352,2.169,1.881,12.955
1.748,1.92,2.335,1.825,1.271,1.856,1.858,1.254,1.299,1.415,2.722,4.816
1.746,1.475,1.541,1.923,1.292,1.576,2.409,2.088,1.738,2.293,1.978,12.544
1.411,1.287,1.609,1.715,1.37,1.803,1.237,2.05,1.222,1.272,3.378,18.346
1.429,8.683,2.5,1.89,1.491,1.518,2.314,1.592,2.026,1.847,2.5,16.038
1.514,1.843,1.41,1.721,1.707,1.73,2.299,2.008,1.878,1.908,2.549,11.834
3.443,1.734,2.542,1.687,2.379,1.597,1.457,1.463,1.851,1.965,1.684,15.568
1.932,2.128,2.035,2.024,2.026,2.194,2.076,2.25,2.333,2.316,2.046,3.683
1.707,1.546,1.604,1.367,1.827,1.482,1.422,3.011,1.946,1.779,4.349,12.849
1.993,1.689,1.798,1.901,2.588,1.984,1.795,3.156,2.349,3.469,1.689,23.744
1.494,1.237,1.272,1.222,1.259,1.425,1.287,1.4,1.411,1.456,1.318,8.883
1.852,2.9,2.494,1.689,3.508,1.798,7.415,2.718,2.65,2.382,1.689,9.919
1.465,1.585,1.43,2.154,1.486,2.004,1.88,2.061,1.683,2.626,1.829,12.679
1.829,1.829,1.737,2.078,1.71,2.483,2.796,2.006,2.207,1.718,1.829,10.14
1.494,1.237,1.272,1.222,1.259,1.425,1.456,1.287,1.4,1.411,1.318,7.7
1.538,2.165,1.566,1.556,1.737,1.347,1.741,2.366,2.118,2.462,3.378,16.355
1.259,1.78,1.687,3.443,1.779,3.074,1.572,1.763,2.202,1.819,1.995,16.078
1.482,1.546,1.827,1.367,1.946,1.604,1.732,1.578,1.422,1.609,1.706,8.577
1.503,1.461,1.312,1.369,2.05,1.511,1.294,1.523,1.327,1.431,1.21,9.354
1.775,1.667,1.972,1.636,1.891,1.816,1.517,1.609,3.132,1.656,1.667,17.154
1.158,1.442,1.233,1.767,2.152,2.265,2.081,2.264,1.804,1.696,1.158,11.427
1.158,1.442,1.233,1.767,2.152,2.265,2.081,2.264,1.804,1.696,1.158,11.427
1.158,1.442,1.233,1.767,2.152,2.265,2.081,2.264,1.804,1.696,1.158,11.427
1.207,1.567,1.909,1.227,1.639,1.404,1.486,1.687,1.7,1.822,2.555,10.34
1.71,1.675,1.597,1.734,2.982,1.763,1.839,1.579,2.554,1.883,1.542,8.589
2.082,1.745,2.046,2.237,2.108,2.579,1.484,1.706,1.489,1.492,2.046,5.522
1.877,1.947,1.794,1.67,1.769,2.079,1.798,2.132,2.18,2.008,1.978,2.772
2.211,1.934,2.062,2.314,3.454,2.253,1.781,2.625,3.149,2.754,4.349,10.771
1.572,1.866,1.63,2.265,1.83,1.468,1.871,1.696,1.568,1.823,1.944,3.085
1.404,1.453,1.881,1.522,1.597,1.724,1.645,1.754,1.666,1.665,1.484,12.797
1.4,1.411,1.494,1.425,1.439,1.237,1.287,1.222,1.713,1.272,1.375,8.575
1.805,1.651,1.62,1.887,1.551,1.519,1.491,1.521,1.904,1.557,2.383,13.054
2.156,1.696,1.804,1.361,1.758,1.169,2.514,1.823,2.83,2.281,2.83,3.308
1.549,1.28,1.484,1.489,1.639,1.404,1.456,1.567,1.827,1.492,3.668,12.976
1.158,1.442,1.233,1.767,2.152,2.265,2.081,2.264,1.804,1.696,1.158,11.427
8.683,2.5,1.429,2.743,2.718,1.89,1.872,1.518,2.56,2.545,2.5,15.718
1.961,1.999,2.158,2.091,1.417,1.449,2.105,2.035,1.529,2.027,1.961,18.196
1.542,1.285,1.235,1.32,1.29,1.357,1.541,1.291,1.273,1.394,1.542,12.26
1.431,2.094,2.067,2.524,2.49,1.769,1.999,2.94,1.695,1.754,3.17,10.658
3.17,2.674,2.781,1.998,2.514,2.27,2.768,2.652,3.479,3.575,3.17,2.704
1.978,3.086,1.783,1.865,2.09,1.622,1.347,1.685,2.38,1.651,1.978,11.42
1.407,2.004,1.651,1.53,1.688,1.541,1.351,1.561,1.82,1.42,1.375,12.238
1.689,1.565,1.537,1.795,4.228,2.359,1.484,1.546,1.489,2.055,1.689,14.701
1.495,1.887,1.852,1.621,2.756,1.821,2.211,2.382,2.233,2.099,2.756,15.06
1.158,1.442,1.233,1.767,2.152,2.265,2.081,2.264,1.804,1.696,1.158,11.427
1.961,1.999,2.091,2.158,1.675,1.683,1.626,1.095,1.083,1.113,1.961,6.565
1.775,1.656,1.517,1.636,1.527,1.624,1.972,1.816,1.65,2.629,1.667,22.018
1.227,1.133,1.812,2.448,2.354,1.457,1.463,2.526,1.853,1.814,1.227,11.027
2.144,1.699,1.655,2.169,1.689,2.032,2.317,1.758,1.912,1.794,2.144,10.806
1.158,1.442,1.233,1.767,2.152,2.265,2.081,2.264,1.804,1.696,1.158,11.427
1.939,2.211,2.062,2.464,1.651,3.031,3.454,2.102,3.3,2.685,4.349,11.367
1.999,2.091,1.961,2.158,2.299,1.762,1.948,2.899,1.882,1.566,1.961,12.468
1.522,1.404,2.415,1.781,1.438,1.605,1.573,1.486,1.542,1.534,1.542,25.991
1.541,1.867,1.656,2.091,2.059,2.431,2.186,1.945,2.156,1.715,1.541,10.333
1.813,1.576,1.451,1.666,1.971,1.435,1.464,1.512,1.686,1.526,2.018,3.113
1.572,1.83,3.171,1.866,1.468,1.823,2.206,3.689,3.974,4.173,1.944,4.276
2.381,2.201,1.491,1.63,1.99,1.526,1.6,1.619,1.811,1.951,2.381,5.619
1.777,1.836,2.169,2.227,1.859,2.061,1.991,2.093,2.454,1.928,3.254,9.965
1.512,1.481,1.257,1.265,1.336,1.324,1.308,1.316,1.29,1.358,1.666,18.78
1.494,1.237,1.272,1.222,1.259,1.425,1.456,1.287,1.4,1.411,1.318,7.028
2.555,1.503,1.511,1.461,1.383,1.312,1.663,1.369,1.287,1.631,2.555,12.681
1.609,1.325,1.339,1.321,1.511,1.37,1.252,1.668,1.415,1.731,1.551,8.301
2.028,3.694,1.723,1.736,1.841,1.527,1.885,1.74,1.411,2.331,1.781,15.206
1.541,1.893,1.983,2.04,1.695,1.778,2.291,1.765,1.793,1.745,1.541,7.591
1.567,1.66,1.429,2.606,1.688,1.557,1.7,1.703,1.872,2.553,1.992,11.043
1.404,1.28,1.754,1.639,2.628,1.486,1.826,1.628,1.552,2.542,1.781,7.684
1.158,1.442,1.233,1.767,2.152,2.265,2.081,2.264,1.804,1.696,1.158,11.427
1.265,1.29,1.259,1.737,2.337,2.042,1.574,1.385,2.151,1.971,1.29,11.93
1.431,1.523,1.645,1.521,1.528,1.425,1.574,1.503,1.456,1.461,1.318,8.852
1.104,1.136,1.165,1.095,1.083,1.239,1.254,1.113,1.271,1.361,1.083,13.111
1.158,1.442,1.233,1.767,2.152,2.265,2.264,2.081,1.696,1.804,1.767,20.061
1.158,1.442,1.233,1.767,2.152,2.265,2.081,2.264,1.804,1.696,1.158,11.427
1.37,1.409,1.408,1.596,1.547,1.629,1.707,1.704,1.456,1.735,2.756,3.548
8.683,2.5,2.05,1.461,1.503,1.475,2.027,1.37,1.511,1.312,2.5,8.019
1.875,2.554,1.675,1.648,1.607,1.687,1.839,2.982,1.456,1.929,1.781,14.999
1.494,1.237,1.272,1.222,1.259,1.425,1.456,1.287,1.4,1.411,1.318,7.935
1.133,1.227,2.243,2.526,2.354,1.905,3.071,2.207,1.259,1.626,1.227,14.689
2.81,1.485,1.489,1.786,1.934,1.548,1.899,1.494,2.414,4.21,1.944,8.238
1.158,1.442,1.233,1.767,2.152,2.265,2.081,2.264,1.804,1.696,1.158,11.427
1.993,1.798,1.689,1.901,2.588,1.984,3.156,2.349,3.469,1.28,1.689,12.164
2.028,1.814,1.812,1.457,1.463,1.629,1.853,1.615,1.548,1.723,1.684,10.651
1.471,1.657,1.893,2.824,1.997,1.082,2.08,1.641,1.525,1.898,1.082,6.964
1.158,1.442,1.233,1.767,2.152,2.265,2.081,2.264,1.804,1.696,1.767,11.618
1.653,2.316,1.59,1.866,2.057,1.384,1.859,1.625,1.66,1.842,3.378,9.075
1.4,1.287,1.411,1.321,1.494,1.259,1.272,1.222,1.339,1.488,1.829,8.217
2.018,1.417,2.235,1.435,1.464,1.512,1.686,1.754,2.222,1.46,2.018,3.992
1.082,1.471,3.808,2.824,1.657,1.318,1.893,1.997,2.641,4.631,1.082,7.362
2.112,2.209,1.754,1.839,1.491,2.841,1.497,1.499,3.222,3.891,6.038,5.328
2.046,1.706,2.333,1.853,2.113,1.745,2.082,1.754,2.352,1.572,2.046,3.733
4.731,3.203,1.396,1.413,2.712,1.576,1.77,1.786,2.498,1.699,2.144,13.054
1.657,1.893,1.471,1.294,1.312,1.327,1.503,1.369,1.997,1.598,1.082,8.991
1.987,2.343,3.316,1.689,1.488,1.62,3.06,1.731,1.954,1.817,1.666,11.685
1.425,1.867,1.9,2.658,1.517,1.693,1.711,2.625,2.004,2.211,1.995,7.728
1.546,1.443,1.572,1.615,1.489,1.474,1.411,1.598,1.404,1.463,1.572,11.035
1.688,2.158,1.541,1.889,1.561,2.016,1.42,1.7,1.757,1.59,2.539,12.102
1.404,1.754,3.226,1.639,2.734,2.145,1.552,1.871,1.28,1.625,3.668,3.025
1.872,2.369,1.292,1.532,1.787,1.7,1.705,1.508,1.294,1.867,2.841,17.272
2.046,1.706,2.333,1.853,2.395,2.113,1.503,2.832,1.461,1.511,2.046,11.695
1.435,1.464,1.512,1.46,1.686,1.754,2.222,1.927,1.417,1.955,2.018,2.753
1.978,3.086,2.09,1.783,2.225,1.549,2.38,2.126,1.28,2.371,1.207,8.912
1.404,3.226,1.754,1.639,1.871,2.734,2.145,1.552,1.625,1.28,1.207,3.202
1.54,1.673,1.511,1.37,1.684,1.731,1.609,1.958,1.321,1.715,2.549,8.908
1.492,1.397,1.285,1.235,1.32,1.29,1.357,1.408,1.291,1.273,1.992,9.683
1.65,1.384,1.987,2.343,2.059,1.418,1.715,1.612,1.436,1.504,1.484,9.387
1.21,1.226,1.229,1.246,1.192,1.414,1.366,1.294,1.286,1.946,1.21,15.502
1.626,1.597,1.557,1.541,1.674,1.424,1.896,1.648,1.768,1.607,2.5,9.799
1.552,1.856,1.734,1.831,2.613,2.887,2.631,2.675,2.179,1.259,2.756,5.58
2.248,2.383,1.571,2.186,1.549,1.614,2.165,2.462,2.964,1.576,2.555,9.221
1.703,1.378,1.557,1.811,1.7,1.486,1.895,1.63,1.619,1.444,1.666,9.191
1.999,2.091,1.961,2.158,2.299,1.762,1.948,1.882,2.899,1.566,1.961,12.194
1.321,1.339,1.521,1.304,1.44,1.412,1.325,1.293,1.388,1.883,1.375,25.31
2.887,3.187,3.59,1.42,1.473,1.343,1.405,2.79,1.234,1.216,2.178,11.308
2.936,2.242,6.038,6.849,4.795,1.746,2.29,3.321,2.012,1.901,6.038,15.939
1.541,2.183,2.401,1.836,1.791,1.639,2.467,2.251,1.925,1.449,1.541,2.782
1.404,1.522,1.715,1.612,2.206,1.781,2.415,1.573,1.66,1.429,1.992,12.326
4.277,4.349,2.675,2.931,4.171,3.054,2.599,3.147,2.568,3.235,4.349,17.895
1.497,1.499,1.491,2.112,2.662,2.07,2.209,2.808,1.754,2.706,6.038,3.88
1.158,1.442,1.233,1.767,2.152,2.265,2.081,2.264,1.804,1.696,1.158,11.427
5.428,4.661,2.238,3.117,2.24,2.272,4.94,3.366,3.855,3.305,4.661,12.827
1.354,2.314,1.397,1.549,1.412,1.97,2.153,1.378,1.751,1.628,3.668,20.435
1.825,1.596,2.262,1.706,1.522,2.415,1.527,1.408,1.703,1.404,3.141,7.427
1.471,2.756,1.657,2.824,1.893,1.549,2.08,1.28,1.777,1.484,1.29,17.037
1.46,1.435,1.464,1.512,2.222,1.927,1.754,1.686,1.417,1.766,2.018,2.873
1.84,2.613,2.339,1.817,2.106,1.847,1.553,3.02,2.439,1.993,2.613,6.92
1.626,2.207,1.698,2.128,2.318,1.7,3.443,1.629,1.615,2.469,2.722,6.511
2.83,1.436,1.945,1.598,2.007,1.72,1.773,1.77,1.673,2.3,2.83,6.935
1.158,1.442,1.233,1.767,2.152,2.265,2.081,2.264,1.804,1.696,1.158,11.427
1.993,1.689,1.798,1.901,2.588,1.984,3.156,2.9,2.349,3.469,1.689,21.083
2.415,1.96,2.126,1.522,1.886,2.04,1.448,1.404,2.373,1.688,1.666,18.41
1.894,3.28,1.998,2.448,2.401,2.817,2.592,2.57,2.514,3.17,3.17,2.547
1.828,1.644,1.759,1.873,1.936,1.907,2.004,1.761,1.91,1.892,1.706,13.357
1.158,1.442,1.233,1.767,2.152,2.265,2.081,2.264,1.804,1.696,1.158,11.427
1.485,2.521,2.796,1.489,1.761,1.8,1.485,1.751,1.585,2.002,1.829,11.444
1.943,2.17,2.384,1.802,1.523,1.869,1.648,1.573,1.948,1.76,1.572,6.056
1.254,1.299,1.271,1.361,1.239,1.434,1.165,1.136,1.104,1.095,2.555,18.173
1.158,1.442,1.233,1.767,2.152,2.265,2.081,2.264,1.804,1.696,1.158,11.427
1.426,1.881,2.002,2.074,1.73,1.927,1.5,2.407,2.144,3.647,1.92,10.936
1.404,1.639,1.28,1.549,1.489,1.484,1.456,1.754,1.567,1.749,4.661,5.324
1.612,1.638,2.15,1.987,1.717,1.852,1.585,1.615,1.614,1.734,1.706,14.66
1.983,2.613,1.876,1.817,1.553,2.493,2.214,2.006,1.746,1.862,2.613,8.179
1.207,2.314,2.153,1.221,1.412,3.3,1.909,2.083,1.397,2.042,1.207,15.087
1.828,1.851,2.346,1.796,2.193,2.336,1.995,2.426,1.676,1.553,1.978,13.209
2.9,2.718,2.65,3.694,1.574,1.411,2.494,2.246,1.538,1.555,2.018,7.68
1.674,1.8,1.961,1.411,1.999,2.091,1.511,1.53,1.824,1.838,1.961,10.0
1.435,1.464,1.512,1.754,1.686,2.222,1.46,1.417,1.955,1.8,2.018,5.416
1.412,1.653,1.484,1.489,1.68,1.354,1.517,5.004,1.567,1.628,1.172,12.019
1.812,1.954,1.709,1.463,1.457,1.548,2.022,1.814,1.647,2.488,1.92,11.175
2.062,1.939,2.211,1.965,1.592,4.125,2.364,2.685,2.286,3.454,2.555,21.71
1.978,1.411,1.821,1.237,1.272,1.222,1.259,3.086,1.287,1.541,1.978,12.458
2.144,1.699,1.863,1.671,2.702,2.314,1.363,2.153,1.378,5.43,2.144,18.677
1.737,2.337,1.265,1.29,1.259,2.042,1.385,1.574,2.151,1.971,1.172,8.987
1.689,1.993,1.795,2.9,1.798,1.901,2.588,2.122,1.807,2.718,1.689,15.157
1.704,1.659,1.683,1.538,2.756,1.942,1.526,1.763,1.775,1.748,2.756,4.994
2.674,2.781,2.652,2.156,1.938,1.804,5.254,3.17,2.955,3.479,3.17,1.505
1.688,1.42,1.889,1.635,1.541,1.561,2.158,2.016,1.59,1.346,2.736,4.338
2.008,1.532,1.908,1.41,1.721,1.622,1.626,2.007,1.662,2.251,1.978,20.399
3.694,1.411,1.574,1.212,1.199,1.531,2.12,1.538,2.331,1.398,1.541,5.759
1.404,1.522,1.754,2.415,1.781,1.825,1.573,1.886,1.612,1.715,1.992,15.99
1.706,1.678,2.138,1.613,1.401,1.602,1.488,1.639,1.66,1.453,1.484,20.647
1.605,1.438,1.831,1.486,1.426,1.517,1.394,1.795,1.481,1.863,1.961,27.723
1.158,1.442,1.233,1.767,2.152,2.265,2.081,2.264,1.804,1.696,1.158,11.427
1.895,2.077,1.683,1.672,1.704,2.019,1.706,2.229,1.688,2.451,2.756,24.954
1.44,2.118,1.321,1.339,1.325,1.772,1.431,1.61,1.8,1.521,2.549,17.172
1.899,1.922,1.954,1.865,1.988,2.213,2.193,2.661,1.99,1.873,1.961,25.611
2.756,1.66,1.738,2.213,2.463,1.695,2.665,1.737,1.872,1.821,2.756,15.261
1.797,1.456,2.488,1.954,1.668,1.958,1.709,1.484,1.521,1.489,1.797,8.432
1.783,1.907,1.92,2.38,2.13,2.119,1.766,1.624,1.564,1.753,1.978,6.528
1.936,2.041,1.995,1.548,2.093,1.962,1.43,2.496,1.538,2.392,1.893,5.553
1.5,2.062,2.364,3.3,2.515,2.518,1.939,2.078,1.816,2.301,1.706,12.308
1.494,1.237,1.272,1.222,1.259,1.425,1.456,1.287,1.4,1.411,1.318,7.226
1.555,1.534,1.398,1.199,1.408,1.521,1.527,1.596,1.212,3.694,1.484,14.135
1.604,2.312,2.059,1.729,2.184,1.923,1.84,2.519,1.708,1.909,2.539,10.918
1.484,1.489,1.492,1.94,1.941,2.83,1.653,1.683,1.827,1.68,2.83,11.802
1.767,2.152,2.265,2.081,1.804,1.696,4.566,1.233,4.586,1.866,1.767,4.365
1.207,2.314,3.3,1.221,2.083,1.909,2.153,2.354,1.939,1.896,1.207,11.229
1.227,1.133,1.905,2.003,2.468,1.648,1.755,2.016,2.243,2.003,1.227,8.994
1.133,1.227,1.457,1.463,1.493,2.267,1.597,3.443,2.113,2.243,1.227,9.084
1.207,1.221,2.314,1.909,2.153,3.3,2.083,1.412,2.08,2.042,1.207,12.858
1.625,2.01,6.112,3.906,2.208,3.635,2.265,1.658,2.028,1.767,3.141,9.261
1.278,1.334,1.597,1.603,1.312,1.31,1.362,1.338,1.534,1.705,1.21,10.472
1.158,1.442,1.233,1.767,2.152,2.265,2.081,2.264,1.804,1.696,1.158,11.427
1.998,3.17,2.674,2.781,2.27,2.514,1.804,2.768,1.696,1.866,3.17,2.272
1.872,1.441,1.393,1.407,1.411,1.443,1.686,1.577,1.553,1.537,1.572,7.427
2.841,1.225,1.939,1.532,2.117,1.805,1.501,2.209,2.191,2.132,2.841,19.471
1.511,1.37,1.582,1.715,1.993,2.105,1.461,2.122,1.321,2.006,1.689,9.793
1.395,1.534,1.718,1.543,1.631,1.383,1.409,1.684,1.319,1.425,2.549,8.516
2.287,1.887,2.249,2.367,1.939,1.647,2.027,2.028,1.634,1.657,2.178,12.315
1.158,1.442,1.233,1.767,2.152,2.265,2.081,2.264,1.804,1.696,1.158,11.427
1.158,1.442,1.233,1.767,2.152,2.265,2.081,2.264,1.804,1.696,1.158,11.427
1.095,1.083,1.999,2.091,1.113,1.2,1.961,2.158,1.683,1.574,1.961,10.524
1.541,1.576,1.813,1.451,1.666,1.971,1.526,1.63,1.701,1.638,1.541,3.335
1.227,1.7,1.463,1.457,1.812,1.713,2.555,1.512,2.473,2.187,2.555,2.756
1.629,1.53,1.763,1.639,1.841,2.331,1.626,1.951,1.855,2.028,1.961,9.402
1.429,1.895,1.992,1.612,1.703,1.7,1.567,1.444,2.606,1.986,1.992,6.742
1.829,1.829,1.737,2.483,1.71,2.796,2.207,2.847,2.078,2.298,1.829,26.338
1.656,1.624,1.667,1.775,1.517,1.636,1.527,1.816,1.891,1.65,1.667,14.406
1.828,1.848,1.767,2.0,1.797,1.911,1.869,1.628,1.956,2.132,1.797,9.66
1.369,1.286,1.393,1.584,1.312,1.75,1.31,1.475,1.255,1.545,1.375,12.921
2.016,1.567,1.412,1.531,1.533,2.043,1.965,2.032,1.879,2.803,1.21,5.734
2.555,2.62,2.625,1.713,1.59,2.895,2.91,2.473,2.513,2.187,2.555,28.965
1.664,2.115,1.521,1.398,1.392,1.545,1.511,2.04,1.878,1.404,1.961,7.291
2.046,1.665,1.994,1.754,2.24,2.928,2.932,3.101,2.236,2.879,2.046,21.283
1.877,1.582,1.685,1.561,1.769,1.42,1.584,1.635,2.057,2.189,1.92,13.036
1.404,2.089,1.914,1.754,1.639,2.145,1.939,2.062,1.28,3.226,3.668,22.382
1.775,1.542,1.715,1.612,1.65,1.384,1.917,1.878,1.418,1.436,1.542,10.971
1.457,1.463,1.597,1.687,2.131,1.484,1.489,1.456,1.687,1.647,1.797,7.303
2.202,1.484,1.489,1.567,1.68,2.191,2.228,1.367,1.492,1.827,1.706,8.502
1.797,1.172,1.174,1.176,1.484,1.489,1.549,1.653,1.492,1.412,1.172,12.229
2.381,1.843,2.201,1.9,1.877,1.834,1.765,1.793,1.778,2.291,2.381,10.847
1.158,1.442,1.233,1.767,2.152,2.265,2.081,2.264,1.804,1.696,1.158,11.427
1.958,2.46,2.484,2.1,1.993,2.472,1.689,4.125,1.397,1.901,1.689,9.589
2.382,1.713,1.66,1.821,1.738,1.695,2.182,2.213,2.665,2.708,1.881,11.746
1.574,1.534,1.555,1.678,1.381,1.398,1.406,1.647,1.538,1.673,1.666,16.19
1.996,2.209,1.654,2.211,1.484,1.511,1.874,1.545,1.637,1.666,1.666,9.126
1.775,2.287,1.576,1.517,1.656,1.636,1.907,1.972,1.624,1.816,1.667,13.874
1.657,1.893,1.351,1.471,2.08,1.411,1.997,1.259,1.237,1.222,1.082,6.86
2.299,1.882,1.566,1.796,1.596,1.604,2.406,2.129,2.19,1.817,3.378,10.535
1.737,2.337,1.69,1.471,1.675,1.385,2.042,1.574,2.824,1.597,1.29,11.963
1.593,2.732,1.713,1.53,2.555,1.667,1.587,1.512,1.7,1.639,2.555,8.915
1.587,2.011,1.361,2.11,1.406,2.147,1.738,1.656,1.516,1.719,3.378,13.104
1.572,2.237,1.823,1.706,1.944,1.63,1.468,1.622,1.83,2.265,1.944,5.928
3.456,2.433,3.095,1.863,2.765,2.599,1.92,2.412,1.684,2.219,3.456,23.5
2.539,2.0,1.832,2.024,2.338,2.494,1.976,1.169,1.361,1.902,2.539,3.028
1.524,1.35,1.369,1.727,1.312,1.602,1.232,1.197,1.206,1.256,3.109,9.102
1.544,1.82,2.006,1.666,1.595,1.401,1.665,1.666,1.627,4.822,1.961,12.415
1.425,1.693,1.867,1.9,1.517,1.711,2.211,1.551,1.711,1.622,1.995,18.021
1.227,1.259,3.443,1.853,1.7,1.851,2.207,1.463,1.457,1.814,2.722,16.505
2.226,2.261,1.626,2.614,1.473,2.801,1.567,2.686,3.177,1.818,2.178,10.553
1.471,1.997,1.292,1.475,1.447,1.369,1.351,1.359,1.37,1.411,1.082,8.019
1.484,1.489,1.94,1.683,1.492,1.456,1.639,1.958,1.653,2.312,1.781,8.879
2.106,1.687,3.443,1.993,2.401,1.687,1.851,1.457,1.463,1.597,1.995,8.388
1.29,1.259,1.265,1.404,1.552,1.28,1.639,1.754,2.295,1.549,1.29,15.868
1.783,2.38,1.92,2.119,1.903,1.766,1.907,2.482,2.349,1.753,1.978,7.26
1.354,1.97,1.861,2.917,1.653,1.412,1.484,1.489,1.801,1.492,2.917,20.657
1.817,1.553,1.799,1.757,1.766,1.747,2.186,1.847,2.75,1.811,1.551,12.515
1.639,1.793,1.881,1.672,1.992,2.451,2.077,2.606,1.688,1.619,1.992,10.042
2.153,1.221,1.354,1.412,2.314,1.653,1.323,1.172,1.174,1.176,1.207,17.374
2.367,1.767,1.509,1.734,1.696,2.121,2.105,1.763,1.662,1.763,2.046,3.084
1.227,1.133,2.354,2.526,2.243,1.812,2.207,1.363,1.905,1.626,1.227,16.23
1.855,1.32,1.748,1.293,1.938,2.026,1.733,1.746,1.382,1.495,2.018,4.666
1.158,1.442,1.233,1.767,2.152,2.265,2.081,2.264,1.804,1.696,1.158,11.427
1.192,1.21,1.226,1.229,1.246,1.414,1.366,1.946,1.294,1.286,1.21,10.277
1.918,1.676,1.797,1.871,1.656,2.062,1.552,1.53,1.606,2.522,2.381,8.517
1.439,1.958,1.35,1.511,1.731,1.668,1.275,1.609,1.662,1.339,3.141,11.981
2.629,1.715,1.972,1.612,1.775,1.65,2.195,2.29,1.527,1.945,1.667,17.322
1.604,1.422,1.844,1.546,1.828,1.707,1.578,1.759,1.9,2.453,1.706,11.712
1.703,1.7,1.811,1.895,1.63,1.706,1.825,1.557,1.619,2.262,3.141,18.801
1.192,1.21,1.226,1.229,1.246,1.414,1.366,1.294,1.286,1.946,1.21,18.409
2.019,1.619,1.557,1.7,1.895,1.703,1.706,1.486,2.077,1.811,2.756,11.092
1.345,1.404,1.38,1.311,1.321,1.267,1.805,1.904,1.408,1.494,2.5,27.118
1.615,1.553,1.418,1.489,1.552,1.474,1.598,1.463,1.388,1.644,1.572,21.831
1.541,2.274,2.265,2.037,1.701,1.63,2.539,1.638,1.94,2.52,1.541,3.04
1.464,1.412,1.252,1.704,1.541,1.58,1.317,1.228,1.225,1.208,2.841,18.144
2.381,2.201,1.99,2.122,1.843,1.9,1.877,1.834,2.659,2.002,2.381,8.503
1.35,1.312,1.369,1.369,1.997,1.542,1.493,1.602,1.232,1.677,3.109,8.443
1.169,1.361,1.866,1.696,1.804,1.572,1.871,2.265,1.699,3.161,2.046,1.498
2.287,1.775,1.667,1.517,1.576,1.636,1.972,1.816,1.891,1.656,1.667,16.457
1.843,1.615,1.69,1.591,1.684,1.353,1.897,1.399,1.632,2.654,6.038,12.182
1.572,1.866,1.83,2.265,1.63,1.468,1.823,1.871,1.696,1.568,1.944,4.395
1.886,1.539,1.586,1.626,1.78,2.261,1.259,2.226,1.572,4.731,2.144,4.395
1.664,1.392,1.545,1.511,1.384,1.504,1.418,1.436,1.515,1.278,1.881,10.341
1.158,1.233,1.442,1.767,2.152,2.265,2.081,4.566,1.691,1.544,1.767,25.973
1.97,1.354,1.628,1.549,1.653,1.484,1.489,1.412,1.741,1.492,2.539,22.403
1.227,2.052,1.767,1.133,2.005,2.526,2.098,1.632,1.666,1.363,1.227,11.728
1.92,2.38,1.783,2.119,1.907,1.753,2.349,1.564,2.132,1.903,1.978,10.015
1.649,1.872,1.832,2.356,1.532,1.69,1.392,1.545,1.511,1.841,2.756,8.274
1.659,1.432,1.775,1.748,1.683,1.688,1.704,1.538,1.55,1.526,2.756,9.555
1.989,1.572,1.443,1.615,1.566,1.53,1.553,1.546,1.552,1.411,1.572,7.543
1.701,1.761,1.699,2.329,1.788,1.929,2.491,2.058,2.966,3.654,1.699,2.05
1.354,2.314,1.653,1.412,2.153,2.795,1.484,2.943,1.489,2.754,3.668,13.25
1.534,1.538,1.319,1.36,1.431,1.425,1.672,1.556,1.523,1.645,1.375,16.791
1.893,1.899,1.588,1.642,1.641,1.548,1.682,1.778,2.007,2.264,1.893,16.82
1.533,1.386,1.401,1.377,1.56,1.494,1.479,1.522,1.392,1.545,1.881,19.371
1.757,1.396,1.413,1.735,2.081,1.843,1.405,1.543,1.736,1.615,2.144,17.486
2.549,1.887,2.132,1.763,1.684,1.877,1.89,1.594,1.511,2.104,2.549,8.927
1.404,2.488,1.754,1.456,2.145,1.662,1.639,1.628,1.28,1.675,1.781,6.705
1.404,1.429,1.522,1.688,1.703,1.706,1.378,1.557,1.821,1.573,1.881,11.761
2.016,1.567,1.531,1.412,1.533,2.043,2.2,1.965,1.411,1.222,1.21,6.487
1.21,1.226,1.229,1.246,1.192,1.414,1.366,1.294,1.286,1.946,1.21,10.677
1.659,1.432,1.683,1.775,1.748,1.704,1.688,1.942,1.55,2.871,1.881,5.555
2.05,1.292,1.461,1.475,1.321,1.503,1.383,1.447,1.325,1.287,2.5,4.617
1.542,1.285,1.235,1.32,1.29,1.357,1.291,1.536,1.408,1.273,1.542,9.95
1.158,1.442,1.233,1.767,2.152,2.265,2.081,2.264,1.804,1.696,1.158,11.427
2.83,1.941,4.344,2.613,3.235,2.352,1.468,1.493,2.469,2.699,2.83,20.128
6.007,2.533,2.178,1.696,2.059,1.82,2.211,2.321,2.081,1.987,2.178,8.149
1.866,1.572,2.265,1.169,1.63,1.361,1.83,1.696,1.871,1.804,1.944,2.091
1.158,1.442,1.233,1.767,2.152,2.265,2.081,2.264,1.804,1.696,1.158,11.427
1.158,1.442,1.233,1.767,2.152,2.265,2.081,2.264,1.804,1.696,1.158,11.427
1.874,1.392,1.511,1.545,1.278,1.55,1.664,1.602,1.604,2.114,1.666,20.55
1.706,2.333,1.853,1.707,2.113,2.046,2.831,1.829,2.931,1.931,2.046,2.417
1.842,1.622,2.277,2.213,2.676,1.375,1.232,1.454,2.533,2.034,2.018,2.899
1.829,1.829,1.737,1.585,1.43,1.71,2.483,2.796,2.078,2.207,1.829,5.673
1.545,1.475,1.255,1.274,1.312,1.31,1.27,1.303,1.312,1.417,2.5,27.759
1.812,1.548,1.814,1.853,1.937,2.207,1.629,1.259,1.615,2.202,4.349,11.839
2.756,1.585,1.712,1.8,1.645,1.416,1.561,1.535,1.93,1.584,1.542,7.861
2.001,1.635,1.582,1.8,1.622,2.525,1.48,1.53,1.548,1.85,1.781,9.964
1.541,2.274,2.265,2.426,2.037,2.539,2.247,2.52,2.559,1.63,1.541,1.882
1.947,1.794,2.18,1.685,2.079,2.057,1.769,1.952,1.585,2.409,1.551,13.483
2.381,2.201,1.99,1.542,2.195,2.29,2.122,1.9,2.002,1.877,2.381,7.871
1.483,1.485,1.905,1.887,1.961,1.744,1.74,1.824,2.044,1.55,2.555,17.022
1.259,2.202,3.074,1.944,1.853,1.819,3.443,1.812,2.161,1.572,2.555,16.831
1.31,1.312,1.334,1.255,1.393,1.286,1.705,1.545,1.369,1.274,3.109,22.177
1.158,1.442,1.233,1.767,2.152,2.265,2.264,2.081,1.696,1.804,1.767,20.061
1.104,1.083,1.136,1.095,1.165,1.6,1.71,1.113,1.2,1.508,1.083,11.943
1.158,1.442,1.233,1.767,2.152,2.265,2.081,2.264,1.804,1.696,1.158,11.427
1.158,1.442,1.233,1.767,2.152,2.265,2.081,2.264,1.804,1.696,1.158,11.427
1.656,1.398,1.516,1.72,1.406,1.916,1.361,2.011,1.528,1.857,1.318,6.952
1.369,1.274,1.433,1.526,1.393,1.417,1.255,1.27,1.303,1.312,1.375,11.813
1.542,1.473,1.285,1.235,1.32,1.29,1.291,1.541,1.954,1.536,1.542,4.465
2.382,1.713,1.738,2.115,2.04,1.821,2.213,1.58,1.695,1.66,1.881,5.361
1.605,1.517,1.438,1.637,1.324,1.954,1.394,1.542,1.924,1.426,1.542,4.144
1.46,1.885,1.512,1.435,1.464,1.686,1.754,2.222,2.592,1.927,1.541,1.89
2.83,1.941,4.344,2.613,3.235,2.47,2.514,2.281,2.352,2.079,2.83,11.003
1.598,2.52,1.958,1.475,2.05,1.826,1.461,1.312,2.027,1.369,3.378,4.429
1.688,1.541,1.561,1.42,1.889,2.158,2.016,1.757,1.7,1.685,2.555,14.811
1.35,2.676,1.369,1.312,1.677,1.524,1.232,1.446,1.961,1.842,3.109,6.72
1.227,1.905,1.133,2.243,1.769,3.352,1.675,2.512,1.503,2.163,1.227,6.789
2.674,2.781,3.17,1.998,2.514,2.27,1.991,1.64,1.919,1.723,3.17,4.619
1.531,1.934,1.83,1.377,1.56,1.887,1.386,1.401,1.479,1.852,1.767,10.773
1.523,1.431,1.645,1.521,1.528,1.574,1.425,1.456,1.503,1.312,1.318,7.962
2.756,2.213,1.852,1.821,1.738,1.404,2.382,1.66,1.872,1.695,2.756,4.394
1.158,1.442,1.233,1.767,2.152,2.265,2.081,2.264,1.804,1.696,1.158,11.427
1.704,1.735,1.431,1.528,2.118,1.645,1.521,1.528,1.574,1.46,1.375,29.551
2.333,1.926,2.45,2.115,2.573,2.506,2.697,1.685,1.631,1.899,2.549,18.316
1.541,1.63,1.468,1.701,1.435,1.464,1.512,1.686,1.568,1.638,1.541,3.54
1.781,1.752,1.889,1.836,1.441,2.451,1.835,1.887,1.59,1.644,1.781,13.466
1.944,1.85,1.259,1.818,2.089,1.873,3.074,2.202,1.812,1.819,2.555,19.299
1.158,1.442,1.233,1.767,2.152,2.265,2.081,2.264,1.804,1.696,1.158,11.427
1.207,1.978,2.314,2.09,3.086,1.221,2.08,2.153,3.3,2.083,1.207,12.123
1.375,1.433,1.475,1.545,1.255,1.274,1.312,1.27,1.31,1.303,1.797,6.377
1.572,1.866,2.265,1.63,1.83,1.823,1.169,2.237,1.944,1.361,1.944,4.922
1.867,1.656,1.393,1.694,2.431,2.841,1.581,1.7,1.705,2.053,2.841,25.604
1.384,1.418,1.436,1.504,1.664,1.636,1.386,1.594,1.468,1.515,1.572,8.467
1.6,1.141,1.162,1.089,1.107,1.161,1.175,1.216,1.237,1.149,1.375,28.727
1.46,1.754,2.222,1.435,1.464,1.512,1.686,1.927,1.541,1.417,1.541,12.364
2.917,2.982,2.968,2.586,1.891,2.314,1.429,1.592,2.153,1.79,2.917,20.34
2.68,1.845,1.903,1.36,1.347,2.462,1.319,1.741,2.165,1.672,2.555,8.187
1.367,1.759,1.707,1.761,1.797,1.615,1.873,1.936,1.911,1.614,1.706,8.753
1.411,1.237,1.222,1.272,1.609,1.259,2.088,1.494,1.715,2.614,3.378,24.369
1.904,2.13,1.699,1.938,1.783,1.925,1.776,1.799,1.982,1.957,2.721,5.718
1.735,1.449,1.417,1.754,2.035,1.6,2.027,1.529,1.617,2.078,2.722,7.715
1.523,1.431,1.485,1.456,1.645,1.521,1.528,1.574,1.425,1.287,1.318,7.744
1.158,1.442,1.233,1.767,2.152,2.265,2.081,2.264,1.804,1.696,1.767,11.618
1.998,3.17,2.514,2.27,2.674,2.781,2.768,1.804,1.696,1.866,3.17,2.122
1.629,1.544,1.712,2.469,2.028,1.814,1.627,2.006,2.653,1.66,2.712,23.306
3.516,1.991,2.537,2.106,3.087,3.21,2.102,2.307,3.157,2.06,3.17,3.146
1.841,1.856,1.595,1.628,1.71,1.647,1.781,1.656,1.881,1.861,1.706,7.563
2.917,1.549,1.28,1.404,1.484,1.456,2.398,1.489,1.751,1.639,2.917,14.478
1.825,1.703,1.781,1.522,1.7,1.811,1.564,1.895,1.63,2.415,3.141,23.663
1.411,1.541,1.576,1.8,1.878,1.746,1.887,1.511,1.488,2.892,2.549,15.984
1.158,1.442,1.233,1.767,2.152,2.265,2.081,2.264,1.804,1.696,1.767,11.618
1.829,1.829,1.737,1.685,1.889,1.38,1.42,1.561,2.057,2.796,1.829,10.305
1.239,1.434,1.104,1.083,1.136,1.095,1.165,1.6,1.113,1.71,1.083,6.415
2.115,2.058,1.521,2.04,2.64,1.68,1.914,1.453,2.364,2.916,3.141,27.894
1.622,3.635,3.906,1.627,1.945,2.058,1.587,1.658,1.79,1.488,3.141,11.552
1.6,1.71,2.022,1.84,1.508,1.239,1.434,1.934,1.896,1.768,1.083,10.387
1.637,1.629,1.605,1.534,1.555,1.767,1.954,1.438,1.381,1.324,2.756,10.624
1.528,1.797,2.118,1.632,1.907,1.538,1.788,1.585,2.223,1.46,1.797,8.565
4.277,4.349,3.315,1.841,1.354,3.779,2.314,1.772,2.271,2.211,4.349,13.943
1.406,2.011,1.361,1.508,1.717,2.11,1.516,1.656,2.147,1.72,2.841,10.121
1.374,1.779,4.418,2.065,3.458,2.344,2.409,1.572,1.484,1.489,3.668,11.936
1.657,1.893,1.471,1.294,1.327,1.312,1.503,1.369,1.997,1.461,1.082,8.191
2.02,1.972,1.765,2.201,1.653,1.662,2.731,2.209,2.112,1.767,2.381,14.408
1.752,1.456,1.494,1.425,1.783,2.451,1.889,1.603,1.528,1.485,2.383,12.647
1.914,2.667,2.715,5.011,3.279,3.232,1.907,2.205,1.816,2.519,1.992,24.083
1.895,1.96,2.432,2.373,1.429,1.612,2.415,1.89,1.92,1.647,1.484,21.172
1.541,1.696,1.804,2.265,1.866,1.63,1.572,1.83,1.468,1.871,1.541,2.782
1.449,1.417,1.855,2.027,2.035,1.617,1.492,1.456,1.735,1.961,2.722,13.65
1.429,1.881,1.404,1.706,1.615,1.793,1.688,1.672,1.895,1.872,1.572,3.725
1.6,1.71,1.475,1.255,1.545,1.239,1.312,1.31,1.274,1.5,1.083,9.146
1.4,1.556,1.538,1.737,1.534,1.488,1.494,2.188,1.425,1.528,1.375,9.594
1.265,1.29,1.259,1.737,2.337,1.385,1.574,2.042,1.776,2.151,1.29,5.776
1.767,2.152,2.265,2.081,4.566,4.586,1.233,1.804,1.158,1.696,1.767,4.629
1.158,1.442,1.233,1.767,2.152,2.265,2.081,2.264,1.804,1.696,1.158,11.427
1.517,1.425,2.211,2.108,1.889,1.742,1.837,1.693,1.867,1.9,1.995,21.563
2.433,1.881,2.765,1.887,2.599,1.684,1.5,2.549,1.763,3.647,2.549,17.852
1.998,3.17,2.514,2.27,2.674,2.781,2.768,1.696,1.804,1.866,3.17,3.378
2.263,2.112,1.491,6.038,1.497,1.499,1.839,2.209,1.754,2.011,6.038,12.359
1.515,1.755,1.857,1.651,1.493,1.528,2.017,2.004,1.958,1.5,2.555,27.197
1.549,1.614,1.627,1.571,1.6,2.805,1.576,1.525,1.993,1.637,1.781,17.374
1.996,2.209,1.654,1.605,2.257,1.666,1.438,2.211,1.517,1.486,1.666,11.884
1.158,1.442,1.233,1.767,2.152,2.265,2.081,2.264,1.804,1.696,1.158,11.427
1.899,1.59,2.62,2.625,2.513,2.895,2.91,1.839,2.074,2.007,1.899,10.777
2.375,5.428,4.661,1.615,1.57,2.328,2.767,6.003,1.613,2.375,4.661,16.982
1.484,1.489,1.492,1.456,1.954,1.653,1.683,1.94,1.827,1.709,1.706,9.215
1.626,2.261,2.226,2.614,2.14,1.648,2.128,2.318,2.686,3.177,2.722,8.123
2.555,2.354,1.629,1.814,2.207,1.259,1.626,1.615,1.548,1.853,2.555,9.741
1.763,1.684,2.549,1.887,1.856,1.877,2.524,1.836,1.665,2.116,2.549,10.133
1.714,1.287,1.383,2.555,1.709,1.691,1.609,1.663,1.8,2.039,2.555,10.222
2.968,2.225,2.131,3.454,1.692,2.068,4.164,2.314,2.275,1.618,1.572,9.988
1.541,2.726,1.715,1.612,1.824,1.945,2.195,1.417,2.29,1.894,1.541,2.942
1.745,2.062,2.07,3.728,2.473,1.802,3.3,2.706,2.652,3.647,1.29,4.059
2.359,2.055,1.565,1.537,1.814,1.57,4.228,1.614,3.651,2.248,2.549,14.402
2.172,4.218,2.141,1.842,3.171,1.232,1.375,2.213,2.277,2.034,3.109,13.803
2.133,1.867,1.9,1.517,1.897,1.425,1.711,3.735,1.693,1.889,1.995,15.357
1.993,1.43,1.585,1.486,3.291,1.683,1.524,2.154,1.58,1.781,1.689,12.936
1.523,1.431,1.456,1.645,1.521,1.528,1.425,1.574,1.294,1.503,1.318,6.862
2.982,2.524,1.579,2.073,1.675,2.554,1.875,1.597,3.252,2.035,1.92,11.193
1.841,1.429,1.947,1.221,2.464,1.923,2.234,2.478,3.501,1.628,4.349,12.26
1.714,1.523,1.431,1.456,1.645,1.521,1.528,1.574,1.485,1.425,1.318,7.389
1.815,2.521,1.869,1.622,1.768,2.209,2.328,2.167,2.132,2.157,3.378,13.146
1.443,1.872,1.615,1.686,1.895,1.566,1.553,1.552,1.537,1.371,1.484,8.861
1.523,1.431,1.456,1.645,1.521,1.528,1.425,1.574,1.294,1.503,1.318,6.862
1.555,1.534,1.678,1.398,1.673,1.574,1.647,2.246,1.381,1.406,1.484,15.125
1.404,1.754,1.639,1.28,1.552,2.145,1.628,2.078,1.625,1.957,1.781,24.947
2.028,3.694,1.723,1.841,2.331,1.951,1.855,1.411,1.736,1.734,1.551,15.011
5.428,1.699,4.661,2.441,2.328,3.76,4.166,2.632,2.349,1.914,4.661,16.097
1.821,1.874,1.392,1.545,1.511,1.341,1.504,1.931,1.278,1.384,1.666,5.016
1.767,2.152,2.265,2.081,4.566,4.586,1.233,1.804,1.158,1.696,1.767,5.138
2.539,2.0,1.832,2.338,2.024,2.494,2.838,1.976,1.902,2.494,2.539,16.418
1.542,1.438,1.486,1.605,1.517,1.703,1.394,1.795,1.426,1.863,1.542,19.722
1.523,1.431,1.456,1.645,1.521,1.528,1.574,1.425,1.294,1.287,1.318,7.113
2.299,1.882,1.596,2.406,1.604,2.008,1.98,2.129,1.908,2.521,3.378,7.296
1.737,2.337,2.042,1.574,1.385,1.549,1.484,1.489,1.265,2.151,1.29,15.615
1.254,1.271,1.361,1.299,1.239,1.113,1.434,1.104,1.2,1.165,1.083,7.487
1.688,2.086,1.561,1.541,1.42,1.889,2.158,1.757,2.016,1.685,1.375,15.21
1.511,1.503,1.312,1.369,1.439,1.37,1.383,1.35,1.461,1.609,1.92,12.697
1.482,1.422,1.367,1.946,1.546,1.604,1.578,1.609,1.827,1.747,3.668,11.222
1.756,1.723,1.526,1.453,1.776,1.477,2.194,1.897,2.002,1.65,1.572,26.302
4.731,3.203,1.539,1.886,1.586,5.844,1.742,1.837,1.78,1.948,2.555,18.642
1.978,1.503,1.461,1.312,1.369,1.828,1.294,1.475,2.05,1.292,1.978,12.986
1.28,2.188,1.78,1.567,1.549,1.598,1.503,1.625,1.749,1.488,1.172,17.611
1.597,1.995,1.954,1.965,1.66,1.709,1.736,1.734,1.463,1.457,3.456,13.289
1.596,1.521,1.527,1.408,1.578,1.678,1.775,1.572,1.546,1.612,1.484,18.098
1.866,1.696,1.804,1.169,1.361,2.265,1.572,1.83,2.092,2.68,2.018,2.781
1.996,2.209,2.211,1.654,1.666,1.492,1.831,1.397,1.541,1.473,1.666,9.82
1.611,1.571,1.348,1.423,1.482,1.392,2.165,1.557,1.438,2.412,2.722,9.664
1.453,1.825,2.262,1.7,1.881,1.706,1.703,1.597,1.724,1.895,3.141,14.498
1.934,1.734,1.942,1.911,1.852,1.779,1.482,1.859,2.227,1.827,2.736,7.63
1.993,2.005,2.205,1.571,3.095,1.59,1.549,1.617,1.467,1.795,3.456,15.371
3.668,1.946,1.412,1.456,1.49,1.492,1.503,1.474,1.54,1.487,3.668,6.673
1.752,1.889,1.836,2.451,1.441,1.835,1.887,1.59,2.347,1.644,1.992,3.555
1.192,1.21,1.226,1.229,1.246,1.414,1.366,1.286,1.294,1.946,1.21,17.891
2.381,2.201,1.99,1.491,2.122,3.172,2.662,2.002,1.548,1.701,2.381,21.639
1.608,1.922,2.136,1.529,2.201,2.613,1.734,2.74,1.818,1.687,3.668,16.639
1.482,1.946,1.367,1.8,1.732,1.779,1.994,1.668,1.937,1.736,2.178,18.206
1.343,1.42,1.473,1.234,1.216,1.192,1.516,1.405,1.338,1.7,2.178,12.864
1.701,1.761,1.929,1.788,2.491,1.699,2.329,1.477,3.333,2.058,1.699,7.191
1.893,1.899,4.731,3.203,1.794,1.689,1.586,5.844,1.539,1.886,1.893,28.954
1.654,1.683,1.659,1.432,1.538,1.775,1.748,1.526,1.704,1.942,2.756,12.386
1.158,1.442,1.233,1.767,2.152,2.265,2.081,2.264,1.804,1.696,1.158,11.427
2.303,3.688,1.768,4.382,2.35,2.841,1.599,1.793,1.878,1.69,2.841,8.355
1.685,1.561,1.42,1.769,2.057,1.74,1.842,1.635,1.756,1.794,3.668,6.179
1.582,3.477,2.716,2.622,2.572,1.625,1.792,2.006,1.48,3.458,3.109,13.37
2.721,1.938,2.13,1.562,1.699,1.925,1.799,1.783,1.813,1.776,2.721,4.22
1.829,1.829,1.737,2.483,1.71,2.796,2.847,2.207,2.298,2.078,1.829,15.643
1.449,1.417,1.855,1.735,2.035,1.617,2.027,1.754,1.961,1.845,1.542,9.099
1.797,1.567,2.016,1.531,1.411,2.2,1.412,1.533,1.222,1.272,1.797,14.566
1.939,2.153,2.062,2.364,1.221,1.412,1.737,1.763,2.314,2.078,1.995,15.529
1.412,1.444,1.46,1.407,1.867,1.521,1.44,1.514,1.304,1.656,1.375,15.808
1.538,1.574,1.649,1.411,1.398,1.493,1.278,1.453,1.664,1.566,1.881,9.669
3.694,1.411,1.212,1.199,1.574,1.538,2.12,2.331,1.668,2.656,1.551,6.302
1.693,1.425,2.251,1.694,1.867,1.9,2.02,2.211,3.272,2.217,1.995,6.532
1.192,1.21,1.226,1.229,1.246,1.414,1.366,1.286,1.294,1.822,1.21,13.841
1.874,1.392,1.511,1.51,1.545,1.821,1.504,1.384,1.527,2.117,1.666,9.677
1.654,1.996,2.209,2.211,2.257,1.637,1.666,1.73,2.417,2.246,1.666,10.775
2.83,1.941,4.344,2.613,3.235,2.352,2.469,2.699,2.251,2.453,2.83,21.903
1.28,1.549,1.354,2.314,2.062,1.412,2.754,1.97,2.026,1.639,1.781,9.21
1.549,1.28,1.404,1.639,2.062,2.078,1.489,1.484,1.412,1.754,1.172,7.924
3.038,1.829,1.829,1.737,2.483,1.71,2.078,2.796,2.207,2.847,1.829,13.941
1.471,1.371,1.997,2.824,1.37,1.511,1.609,1.584,1.657,1.321,1.082,7.193
1.597,1.687,1.457,1.463,1.965,3.443,2.131,2.113,2.488,1.687,3.668,10.191
2.152,1.737,1.763,1.404,1.28,1.639,1.754,1.991,1.549,1.628,1.995,4.375
1.259,3.074,2.202,1.819,1.812,1.847,1.572,1.885,3.443,1.647,1.227,10.29
1.637,1.425,1.693,1.867,1.9,2.463,1.517,1.622,1.694,2.211,1.995,12.52
1.767,2.152,2.265,2.081,4.566,4.586,1.233,1.804,1.158,1.696,1.767,4.629
1.629,1.626,2.128,2.318,1.637,1.517,1.605,1.954,2.007,1.324,1.227,9.152
1.482,1.609,1.827,1.732,1.97,2.002,1.946,1.516,1.367,1.473,1.706,7.969
1.522,1.842,1.516,1.656,1.72,1.916,2.011,1.361,1.406,2.11,3.109,8.929
1.615,1.688,1.598,1.872,1.881,1.463,1.489,1.474,1.895,1.395,1.572,11.776
1.265,1.29,1.259,1.737,2.337,2.042,1.574,1.385,2.151,1.971,1.29,18.749
1.573,1.639,1.943,2.267,1.76,1.948,1.648,1.992,1.992,1.7,1.992,21.196
1.92,1.881,1.444,1.7,1.793,1.688,1.672,1.872,1.703,1.521,1.484,13.891
1.369,1.312,1.232,1.216,1.204,1.842,1.522,1.278,1.842,1.35,3.109,13.358
1.703,1.7,1.811,1.825,1.895,1.63,1.557,2.262,1.706,1.378,3.141,27.576
1.572,1.534,1.555,2.246,1.398,1.647,2.024,1.678,1.381,1.411,1.572,10.353
2.224,1.823,2.595,2.081,2.137,2.951,3.054,2.465,2.636,1.97,3.254,21.397
1.523,1.431,1.456,1.645,1.521,1.528,1.425,1.574,1.294,1.503,1.318,6.862
1.237,1.872,1.222,1.272,1.259,1.333,1.494,1.606,1.411,2.743,3.109,5.848
1.53,2.331,1.763,2.028,1.639,1.723,1.951,3.694,1.841,1.681,1.961,9.196
2.674,2.781,3.17,1.696,1.983,1.804,1.778,1.765,1.793,2.298,3.17,12.334
1.756,2.002,1.526,1.723,2.194,1.639,1.764,2.194,1.477,1.562,3.141,27.464
1.133,1.227,2.354,2.448,2.526,2.243,2.207,1.812,1.937,1.769,1.227,7.446
1.993,1.689,1.798,1.901,2.588,1.984,3.156,2.9,2.494,7.415,1.689,16.041
1.657,1.893,1.471,1.624,1.631,2.08,2.824,1.082,1.712,1.351,1.082,6.672
2.383,2.555,1.617,1.939,2.062,1.429,1.734,2.886,1.923,1.82,2.555,17.002
1.631,1.383,1.287,1.663,1.425,1.411,1.511,1.503,1.461,1.312,1.375,13.459
1.615,1.566,1.463,1.546,1.489,1.484,1.474,1.388,1.598,1.395,1.572,7.787
2.263,1.696,2.905,1.684,2.432,1.484,1.804,1.489,2.397,1.581,3.17,10.154
1.207,2.314,1.978,2.09,1.221,3.086,1.909,2.08,1.397,1.549,1.207,13.689
2.683,2.712,2.613,1.572,1.851,1.924,2.207,1.847,1.811,1.647,2.144,6.416
1.61,1.649,1.872,1.764,1.579,1.852,1.852,1.621,1.398,1.832,1.484,9.797
1.158,1.442,1.233,1.767,2.152,2.265,2.081,2.264,1.804,1.696,1.158,11.427
2.062,2.314,2.153,2.364,2.253,2.026,2.078,1.397,1.412,1.745,3.141,26.102
1.523,1.431,1.456,1.645,1.521,1.528,1.425,1.574,1.294,1.503,1.318,6.862
1.538,1.567,1.899,2.046,1.78,1.795,1.824,1.533,2.119,2.642,2.046,2.985
1.471,1.657,1.893,2.824,1.082,2.08,1.997,1.525,1.851,1.623,1.082,29.911
2.251,2.465,2.176,2.355,2.586,2.152,2.347,2.46,2.459,1.572,1.944,7.121
1.158,1.442,1.233,1.767,2.152,2.265,2.081,2.264,1.804,1.696,1.158,11.427
1.6,1.292,1.327,1.294,1.141,1.162,1.412,1.089,1.107,1.161,3.378,25.128
1.293,1.748,1.855,1.382,2.026,1.938,1.32,1.733,1.495,1.761,2.018,2.709
1.158,1.442,1.233,1.767,2.152,2.265,2.081,2.264,1.804,1.696,1.158,11.427
1.971,1.64,1.919,2.182,1.541,1.815,2.006,1.395,2.134,1.465,3.17,1.967
1.574,1.538,1.411,1.212,1.199,3.694,2.024,1.537,1.398,1.521,1.484,9.053
1.549,1.28,2.023,2.187,1.404,2.163,1.751,1.639,1.639,1.507,1.29,16.682
1.927,2.407,1.426,2.374,2.034,2.002,2.074,1.73,2.144,1.611,3.254,8.306
1.412,1.221,1.484,2.153,1.489,1.653,1.549,1.354,1.492,1.68,1.995,13.415
1.829,1.878,1.734,1.739,1.684,1.897,2.204,2.447,2.211,2.696,1.684,29.585
1.074,1.072,1.565,1.66,2.08,2.056,2.117,1.597,1.615,1.57,1.207,18.689
1.684,1.887,1.812,2.549,3.878,1.763,1.608,1.674,1.93,1.607,2.549,22.268
1.158,1.442,1.233,1.767,2.152,2.265,2.081,2.264,1.804,1.696,1.158,11.427
1.158,1.442,1.233,1.767,2.152,2.265,2.081,2.264,1.804,1.696,1.158,11.427
2.83,2.352,1.941,2.074,2.62,2.613,2.625,2.513,2.95,1.678,2.83,23.67
2.555,1.586,1.259,1.886,1.539,1.614,1.227,2.219,1.748,2.207,2.555,7.233
1.158,1.442,1.233,1.767,2.152,2.265,2.081,2.264,1.804,1.696,1.158,11.427
2.11,2.525,2.586,1.976,2.385,1.821,2.801,3.443,1.622,1.85,1.551,25.319
1.637,1.605,1.954,1.438,1.517,1.324,1.394,1.426,1.629,3.141,1.172,3.861
2.156,2.955,1.715,3.087,2.69,1.435,1.464,1.512,3.138,1.686,2.018,3.366
1.715,1.993,1.765,1.467,2.303,1.525,2.424,1.83,2.005,1.59,1.797,6.495
1.523,1.431,1.485,1.456,1.645,1.521,1.528,1.574,1.425,1.287,1.318,8.279
1.158,1.442,1.233,1.767,2.152,2.265,2.081,2.264,1.804,1.696,1.158,11.427
2.756,1.404,1.522,1.612,1.715,1.695,1.821,2.059,2.382,2.186,2.756,11.311
1.68,1.6,1.71,1.484,1.489,1.503,1.508,1.492,1.461,1.239,1.083,11.719
1.384,1.418,1.436,1.504,1.664,1.636,1.468,1.515,1.392,1.545,1.666,10.636
3.087,1.395,1.543,1.465,1.689,1.52,1.835,1.808,1.842,1.835,2.046,3.498
1.92,1.239,1.657,1.825,1.893,1.434,1.299,1.271,1.254,1.471,1.082,12.381
1.133,1.227,2.526,2.243,1.812,1.457,1.463,2.448,1.853,2.354,1.227,10.543
1.207,2.314,1.221,2.153,1.909,3.3,2.083,1.397,2.08,1.412,1.207,13.847
1.158,1.442,1.233,1.767,2.152,2.265,2.081,2.264,1.804,1.696,1.158,11.427
1.6,1.71,1.104,1.239,1.083,1.136,1.165,1.434,1.095,1.113,1.083,12.279
1.158,1.442,1.233,1.767,2.152,2.265,2.081,2.264,1.804,1.696,1.158,11.427
1.797,3.508,2.067,2.195,2.219,2.18,2.094,2.079,1.794,1.317,1.797,10.028
1.555,1.534,1.629,1.723,1.381,1.841,2.331,1.538,2.028,3.694,3.141,23.48
1.66,1.687,1.597,1.565,1.924,1.736,1.965,2.683,1.709,2.131,2.712,7.365
1.492,1.285,1.291,1.235,1.32,1.357,1.29,1.352,1.408,1.541,3.141,6.983
1.549,1.28,1.552,1.404,1.639,2.295,1.639,2.023,1.754,1.507,1.29,10.414
1.867,1.656,2.431,1.7,1.705,1.885,1.393,2.053,1.252,1.412,2.841,22.677
1.829,2.796,1.71,2.298,1.829,1.737,2.45,2.318,2.078,2.483,1.829,10.745
2.917,2.62,2.625,2.895,2.91,2.513,2.095,3.065,3.071,1.59,2.917,27.81
1.158,1.442,1.233,1.767,2.152,2.265,2.081,2.264,1.804,1.696,1.158,11.427
1.235,1.319,1.27,1.276,1.289,1.384,1.35,1.504,1.545,1.511,1.881,5.96
1.659,1.775,1.748,1.683,1.432,1.704,2.756,1.538,1.526,2.871,2.756,9.472
1.158,1.442,1.233,1.767,2.152,2.265,2.081,2.264,1.804,1.696,1.158,11.427
1.74,2.016,1.779,2.158,1.42,1.561,1.688,1.541,1.685,1.889,1.767,13.658
1.227,1.363,1.378,4.968,1.397,1.133,2.913,1.581,2.118,1.812,1.227,8.51
1.999,2.091,1.961,2.158,2.299,1.762,1.948,1.707,1.843,1.73,1.961,8.624
1.404,1.754,3.226,1.639,2.734,2.145,1.871,1.552,1.625,1.28,3.668,2.787
1.545,1.571,1.541,2.579,1.674,1.805,1.897,1.626,1.755,1.541,2.383,16.483
1.853,1.954,2.255,1.706,2.089,3.262,1.899,1.727,2.073,2.291,1.829,22.916
1.216,1.206,1.197,1.204,1.727,1.278,1.499,1.254,1.502,1.344,3.109,12.105
1.767,2.152,2.265,2.081,4.566,1.804,1.696,1.233,4.586,1.866,1.767,6.544
1.227,1.383,1.631,1.133,1.4,1.287,2.243,1.663,1.294,1.905,1.227,22.304
1.484,1.489,1.549,1.492,1.456,1.28,1.775,1.68,1.653,2.232,1.667,9.55
1.227,1.812,1.457,1.463,1.133,3.443,1.363,1.687,1.548,1.851,1.227,12.3
1.336,1.511,1.289,1.325,1.263,1.332,1.347,1.355,1.81,1.375,1.797,14.164
1.654,2.246,2.209,1.996,2.211,1.666,1.637,2.257,1.73,1.526,1.666,13.246
1.541,1.795,2.429,2.254,2.479,1.696,1.754,1.797,1.907,1.935,1.541,2.582
1.75,1.512,2.945,1.446,1.358,1.657,1.257,1.265,1.3,1.336,1.992,7.176
1.523,1.431,1.485,1.456,1.645,1.521,1.528,1.574,1.425,1.287,1.318,8.115
1.439,1.321,1.339,1.4,1.521,1.304,1.37,1.293,1.388,1.412,1.21,9.246
1.158,1.442,1.233,1.767,2.152,2.265,2.081,2.264,1.804,1.696,1.158,11.427
1.978,3.086,2.09,1.783,2.38,2.225,1.718,1.796,2.006,1.699,1.978,7.808
1.555,1.534,1.673,1.381,1.605,1.438,1.517,1.324,1.486,1.426,1.484,7.903
2.555,2.264,1.652,2.261,2.226,1.921,2.614,2.56,2.545,1.626,2.555,26.862
2.751,2.442,1.592,2.314,3.886,1.847,1.79,2.035,2.153,1.823,2.539,17.501
1.572,1.83,1.866,1.63,2.265,1.468,1.696,2.432,1.823,1.568,1.944,8.455
2.83,2.064,1.731,1.413,2.207,1.576,1.77,1.941,2.478,1.396,2.83,27.827
1.797,3.508,2.276,2.435,1.86,1.581,1.945,2.067,2.105,1.428,1.797,9.218
1.829,1.829,1.737,1.718,2.062,2.834,2.006,2.061,1.71,2.483,1.829,10.257
1.494,1.237,1.272,1.222,1.259,1.425,1.287,1.4,1.411,1.456,1.318,8.989
1.552,1.404,1.28,1.754,2.295,1.639,1.956,1.549,1.628,1.749,1.29,4.94
1.172,1.174,1.176,2.13,1.608,2.035,2.652,1.412,2.153,2.314,1.172,9.42
2.555,1.503,1.461,1.598,1.369,1.312,1.294,1.626,2.05,1.523,2.555,17.253
1.158,1.442,1.233,1.767,2.152,2.265,2.081,2.264,1.804,1.696,1.158,11.427
1.227,1.133,2.55,3.056,3.037,2.468,1.706,1.491,2.14,1.63,1.227,9.397
1.133,1.457,1.463,1.812,1.847,1.647,2.202,1.853,1.819,2.219,1.227,5.107
1.494,1.237,1.272,1.222,1.259,1.425,1.456,1.287,1.4,1.411,1.318,7.7
1.538,1.603,1.783,2.118,1.501,1.866,1.477,2.025,1.46,1.407,2.5,8.44
2.15,1.987,1.717,1.585,1.612,2.227,1.88,1.638,1.852,1.922,1.706,9.804
1.227,1.133,1.259,1.614,2.526,2.243,3.074,1.825,1.885,1.527,1.227,15.099
1.555,1.534,1.398,1.678,1.574,1.647,2.246,1.381,1.406,1.411,1.484,9.137
1.549,1.28,1.404,1.456,1.639,1.597,1.489,1.484,1.486,1.88,1.995,9.727
2.014,1.678,1.939,2.724,1.713,5.844,2.95,1.837,1.833,2.824,1.829,13.534
1.657,1.893,1.294,1.598,1.327,1.706,1.827,1.503,1.369,1.312,1.082,9.972
1.562,3.254,3.588,1.547,1.896,3.56,2.577,1.639,2.495,2.215,3.254,22.1
1.494,1.237,1.272,1.222,1.259,1.425,1.287,1.4,1.411,1.456,1.318,8.989
1.468,1.382,1.567,1.484,1.489,1.458,1.68,1.405,1.609,1.508,1.706,17.063
1.287,1.425,1.494,1.237,1.272,1.222,1.259,1.4,1.411,1.325,1.318,5.928
1.999,2.091,1.961,2.158,2.299,1.762,1.948,1.882,2.129,2.19,1.961,21.515
1.434,1.239,1.254,1.299,1.361,1.271,1.104,1.136,1.165,1.083,1.083,12.204
1.895,1.992,1.639,1.935,2.233,1.859,2.348,1.756,2.188,2.432,1.992,25.979
2.514,1.998,2.674,3.17,1.395,2.781,2.27,1.465,1.543,1.619,3.17,4.215
1.425,2.361,1.711,1.811,2.152,1.693,1.867,1.9,2.211,1.551,1.995,12.986
1.679,1.868,1.299,1.852,1.848,1.586,1.673,2.418,1.405,1.798,2.539,14.748
1.596,1.572,1.521,1.484,1.578,1.979,1.474,1.489,1.703,1.527,3.141,13.792
